0 0 0
0 0.3 0.3
0 0.3 1.3
0 1.3 1.3
0 1.3 0.3
0 0.3 0.3
0 0 0
1 0 1
1 0 0.7
1 0 -0.3
1 -1.0 -0.3
1 -1 0.7
1 0.0 0.7
1 0 1
2 0 2
2 0.3 2.3
2 0.3 3.3
2 1.3 3.3
2 1.3 2.3
2 0.3 2.3
2 0 2
10 1 0
10 1 -0.3
10 1 -1.3
10 0.0 -1.3
10 0 -0.3
10 1.0 -0.3
10 1 0
12 1 2
12 1 1.7
12 1 0.7
12 0.0 0.7
12 0 1.7
12 1.0 1.7
12 1 2
20 2 0
20 2.3 0.3
20 2.3 1.3
20 3.3 1.3
20 3.3 0.3
20 2.3 0.3
20 2 0
21 2 1
21 2 0.7
21 2 -0.3
21 1.0 -0.3
21 1 0.7
21 2.0 0.7
21 2 1
22 2 2
22 2.3 2.3
22 2.3 3.3
22 3.3 3.3
22 3.3 2.3
22 2.3 2.3
22 2 2
