0 2.0 -2.0
0 1.0 -5.0
0 -1.0 -2.0 goal0-1
0 0.0 -4.0
0 3.0 -4.0
0 1.0 -6.0
0 -1.0 -6.0 goal0-finish
1 3.0 0.0
1 3.0 0.0
1 4.0 -2.0
1 7.0 -3.0
2 2.0 -1.0
2 1.0 -1.0 goal2-13
2 3.0 -1.0
2 6.0 -3.0
2 7.0 -2.0
2 7.0 1.0
2 10.0 2.0
2 11.0 -1.0 goal2-finish
3 0.0 -2.0 goal3-24
3 0.0 -4.0 goal3-finish
4 3.0 -3.0
4 4.0 -4.0
4 7.0 -6.0
4 5.0 -7.0
4 6.0 -6.0
5 1.0 -3.0
5 0.0 -2.0
5 3.0 0.0
5 3.0 0.0
5 1.0 -1.0
5 4.0 1.0
5 1.0 0.0
5 2.0 -1.0
6 1.0 1.0
6 -2.0 3.0
6 -1.0 3.0
6 -3.0 1.0
7 -1.0 1.0
7 2.0 -2.0
7 0.0 -3.0
7 3.0 -5.0
7 4.0 -6.0
7 5.0 -5.0
7 6.0 -4.0
7 9.0 -6.0
7 9.0 -8.0
7 9.0 -11.0
7 7.0 -14.0
7 4.0 -16.0
7 3.0 -18.0
7 5.0 -17.0
7 7.0 -16.0
7 5.0 -16.0
7 5.0 -17.0
7 8.0 -20.0
8 2.0 3.0
8 5.0 2.0
8 3.0 5.0
8 2.0 7.0
9 0.0 1.0
9 1.0 1.0
9 -1.0 1.0
9 0.0 -1.0
9 2.0 0.0
9 0.0 -2.0
9 -2.0 -5.0
9 1.0 -7.0
